
						ALGORITMO DES DE CRIPTOGRAFIA
					  ----------- --- -- --------------


	TEXTO CIFRADO

Texto Cifrado: 97EA512074DAB883

Blocos Parciais Hexadecimais do Texto:
	0 - 97EA512074DAB883



	__CHAVE__

Chave em Hexadecimal: 9876543298765432

Chave em Binário	: 10011000 01110110 01010100 00110010 10011000 01110110 01010100 00110010 





	__PERMUTAÇÃO_INICIAL_DA_CHAVE__

Primeira Permutação da Chave: 0001000 1011001 1010101 0101111 1010101 0011001 1000010 0011111 




	__ROTAÇÕES_DAS_CHAVES__

C.0: 0001000 1011001 1010101 0101111 		D.0: 1010101 0011001 1000010 0011111 

C.1: 0010001 0110011 0101010 1011110 		D.1: 0101010 0110011 0000100 0111111 

C.2: 0100010 1100110 1010101 0111100 		D.2: 1010100 1100110 0001000 1111110 

C.3: 0001011 0011010 1010101 1110001 		D.3: 1010011 0011000 0100011 1111010 

C.4: 0101100 1101010 1010111 1000100 		D.4: 1001100 1100001 0001111 1101010 

C.5: 0110011 0101010 1011110 0010001 		D.5: 0110011 0000100 0111111 0101010 

C.6: 1001101 0101010 1111000 1000101 		D.6: 1001100 0010001 1111101 0101001 

C.7: 0110101 0101011 1100010 0010110 		D.7: 0110000 1000111 1110101 0100110 

C.8: 1010101 0101111 0001000 1011001 		D.8: 1000010 0011111 1010101 0011001 

C.9: 0101010 1011110 0010001 0110011 		D.9: 0000100 0111111 0101010 0110011 

C.A: 0101010 1111000 1000101 1001101 		D.A: 0010001 1111101 0101001 1001100 

C.B: 0101011 1100010 0010110 0110101 		D.B: 1000111 1110101 0100110 0110000 

C.C: 0101111 0001000 1011001 1010101 		D.C: 0011111 1010101 0011001 1000010 

C.D: 0111100 0100010 1100110 1010101 		D.D: 1111110 1010100 1100110 0001000 

C.E: 1110001 0001011 0011010 1010101 		D.E: 1111010 1010011 0011000 0100011 

C.F: 1000100 0101100 1101010 1010111 		D.F: 1101010 1001100 1100001 0001111 

C.G: 0001000 1011001 1010101 0101111 		D.G: 1010101 0011001 1000010 0011111 




	__PERMUTAÇÕES_FINAIS_DAS_CHAVES__

CD.1: 0010001 0110011 0101010 1011110  0101010 0110011 0000100 0111111  
K.1 : 100100 100001 000010 111110 110111 101000 000111 010001 

CD.2: 0100010 1100110 1010101 0111100  1010100 1100110 0001000 1111110  
K.2 : 010100 001110 111011 000011 111101 011010 000001 101110 

CD.3: 0001011 0011010 1010101 1110001  1010011 0011000 0100011 1111010  
K.3 : 011100 011111 110100 010010 011001 001001 111011 001010 

CD.4: 0101100 1101010 1010111 1000100  1001100 1100001 0001111 1101010  
K.4 : 011001 001010 010111 000111 000111 001011 010001 111111 

CD.5: 0110011 0101010 1011110 0010001  0110011 0000100 0111111 0101010  
K.5 : 011100 111100 010000 010111 001011 111101 110011 100000 

CD.6: 1001101 0101010 1111000 1000101  1001100 0010001 1111101 0101001  
K.6 : 011011 011000 000110 110010 000010 001110 110101 110011 

CD.7: 0110101 0101011 1100010 0010110  0110000 1000111 1110101 0100110  
K.7 : 101101 101000 000010 111111 101011 111100 110000 010100 

CD.8: 1010101 0101111 0001000 1011001  1000010 0011111 1010101 0011001  
K.8 : 101111 110000 001000 010010 110010 010100 011111 010010 

CD.9: 0101010 1011110 0010001 0110011  0000100 0111111 0101010 0110011  
K.9 : 011100 010111 101101 001011 110101 011011 101100 110000 

CD.A: 0101010 1111000 1000101 1001101  0010001 1111101 0101001 1001100  
K.A : 001000 011111 010111 000001 001100 010000 111001 111100 

CD.B: 0101011 1100010 0010110 0110101  1000111 1110101 0100110 0110000  
K.B : 010100 010100 110111 010111 010110 011011 100010 010110 

CD.C: 0101111 0001000 1011001 1010101  0011111 1010101 0011001 1000010  
K.C : 011101 011110 000110 010001 001001 010110 010010 111101 

CD.D: 0111100 0100010 1100110 1010101  1111110 1010100 1100110 0001000  
K.D : 000101 111000 010110 100111 001010 110011 100011 000111 

CD.E: 1110001 0001011 0011010 1010101  1111010 1010011 0011000 0100011  
K.E : 111110 110000 000010 010111 101001 101100 000110 110111 

CD.F: 1000100 0101100 1101010 1010111  1101010 1001100 1100001 0001111  
K.F : 001111 011000 001010 101100 000001 110000 111111 000111 

CD.G: 0001000 1011001 1010101 0101111  1010101 0011001 1000010 0011111  
K.G : 111000 011011 110111 001000 011001 000011 001101 010010 



---------------------------