
						ALGORITMO DES DE CRIPTOGRAFIA
					  ----------- --- -- --------------


	TEXTO CIFRADO

Texto Cifrado: 3669F4BD6112B40

Blocos Parciais Hexadecimais do Texto:
	0 - 3669F4BD6112B400



	__CHAVE__

Chave em Hexadecimal: 0123456789ABCDEF

Chave em Binário	: 00000001 00100011 01000101 01100111 10001001 10101011 11001101 11101111 





	__PERMUTAÇÃO_INICIAL_DA_CHAVE__

Primeira Permutação da Chave: 1111000 0110011 0010101 0100000 1010101 0110011 0011110 0000000 




	__ROTAÇÕES_DAS_CHAVES__

C.0: 1111000 0110011 0010101 0100000 		D.0: 1010101 0110011 0011110 0000000 

C.1: 1110000 1100110 0101010 1000001 		D.1: 0101010 1100110 0111100 0000001 

C.2: 1100001 1001100 1010101 0000011 		D.2: 1010101 1001100 1111000 0000010 

C.3: 0000110 0110010 1010100 0001111 		D.3: 1010110 0110011 1100000 0001010 

C.4: 0011001 1001010 1010000 0111100 		D.4: 1011001 1001111 0000000 0101010 

C.5: 1100110 0101010 1000001 1110000 		D.5: 1100110 0111100 0000001 0101010 

C.6: 0011001 0101010 0000111 1000011 		D.6: 0011001 1110000 0000101 0101011 

C.7: 1100101 0101000 0011110 0001100 		D.7: 1100111 1000000 0010101 0101100 

C.8: 0010101 0100000 1111000 0110011 		D.8: 0011110 0000000 1010101 0110011 

C.9: 0101010 1000001 1110000 1100110 		D.9: 0111100 0000001 0101010 1100110 

C.A: 0101010 0000111 1000011 0011001 		D.A: 1110000 0000101 0101011 0011001 

C.B: 0101000 0011110 0001100 1100101 		D.B: 1000000 0010101 0101100 1100111 

C.C: 0100000 1111000 0110011 0010101 		D.C: 0000000 1010101 0110011 0011110 

C.D: 0000011 1100001 1001100 1010101 		D.D: 0000010 1010101 1001100 1111000 

C.E: 0001111 0000110 0110010 1010100 		D.E: 0001010 1010110 0110011 1100000 

C.F: 0111100 0011001 1001010 1010000 		D.F: 0101010 1011001 1001111 0000000 

C.G: 1111000 0110011 0010101 0100000 		D.G: 1010101 0110011 0011110 0000000 




	__PERMUTAÇÕES_FINAIS_DAS_CHAVES__

CD.1: 1110000 1100110 0101010 1000001  0101010 1100110 0111100 0000001  
K.1 : 000010 110000 001001 100111 100110 110100 100110 100101 

CD.2: 1100001 1001100 1010101 0000011  1010101 1001100 1111000 0000010  
K.2 : 011010 011010 011001 011001 001001 010110 101000 100110 

CD.3: 0000110 0110010 1010100 0001111  1010110 0110011 1100000 0001010  
K.3 : 010001 011101 010010 001010 101101 000010 100011 010010 

CD.4: 0011001 1001010 1010000 0111100  1011001 1001111 0000000 0101010  
K.4 : 011100 101000 100111 010010 101001 011000 001001 010111 

CD.5: 1100110 0101010 1000001 1110000  1100110 0111100 0000001 0101010  
K.5 : 001111 001110 100000 000011 000101 111010 011011 000010 

CD.6: 0011001 0101010 0000111 1000011  0011001 1110000 0000101 0101011  
K.6 : 001000 110010 010100 011110 001111 001000 010101 000101 

CD.7: 1100101 0101000 0011110 0001100  1100111 1000000 0010101 0101100  
K.7 : 011011 000000 010010 010101 000010 101110 010011 000110 

CD.8: 0010101 0100000 1111000 0110011  0011110 0000000 1010101 0110011  
K.8 : 010101 111000 100000 111000 011011 001110 010110 000001 

CD.9: 0101010 1000001 1110000 1100110  0111100 0000001 0101010 1100110  
K.9 : 110000 001100 100111 101001 001001 101011 100000 111001 

CD.A: 0101010 0000111 1000011 0011001  1110000 0000101 0101011 0011001  
K.A : 100100 011110 001100 000111 011000 110001 110101 110010 

CD.B: 0101000 0011110 0001100 1100101  1000000 0010101 0101100 1100111  
K.B : 001000 010001 111110 000011 000011 011000 100100 111010 

CD.C: 0100000 1111000 0110011 0010101  0000000 1010101 0110011 0011110  
K.C : 011100 010011 000011 100101 010001 010101 110001 010100 

CD.D: 0000011 1100001 1001100 1010101  0000010 1010101 1001100 1111000  
K.D : 100100 011100 010011 010000 010010 011000 000011 111100 

CD.E: 0001111 0000110 0110010 1010100  0001010 1010110 0110011 1100000  
K.E : 010101 000100 001110 110110 100000 011101 110010 001101 

CD.F: 0111100 0011001 1001010 1010000  0101010 1011001 1001111 0000000  
K.F : 101101 101001 000100 000101 000010 100001 011010 110101 

CD.G: 1111000 0110011 0010101 0100000  1010101 0110011 0011110 0000000  
K.G : 110010 100011 110100 000011 101110 000111 000000 110010 


    INITIAL PERMUTATION PLAIN